                                                  Brahmaputra_Valley_semi_evergreen_forests.wkt	Western_Himalayan_broadleaf_forests.wkt	Northeast_Himalayan_subalpine_conifer_forests.wkt	South_Western_Ghats_montane_rain_forests.wkt	Narmada_Valley_dry_deciduous_forests.wkt	Mizoram_Manipur_Kachin_rain_forests.wkt	Khathiar_Gir_dry_deciduous_forests.wkt	Aravalli_west_thorn_scrub_forests.wkt	Maldives_Lakshadweep_Chagos_Archipelago_tropical_moist_forests.wkt	East_Deccan_moist_deciduous_forests.wkt	East_Deccan_dry_evergreen_forests.wkt	Central_Deccan_Plateau_dry_deciduous_forests.wkt	Eastern_Himalayan_broadleaf_forests.wkt	Central_Tibetan_Plateau_alpine_steppe.wkt	Terai_Duar_savanna_and_grasslands.wkt	Nicobar_Islands_rain_forests.wkt	Eastern_Himalayan_alpine_shrub_and_meadows.wkt	North_Western_Ghats_montane_rain_forests.wkt	Chhota_Nagpur_dry_deciduous_forests.wkt	Rann_of_Kutch_seasonal_salt_marsh.wkt	Northwestern_Himalayan_alpine_shrub_and_meadows.wkt	Upper_Gangetic_Plains_moist_deciduous_forests.wkt	North_Deccan_dry_deciduous_forests.wkt	Northeast_India_Myanmar_pine_forests.wkt	Sundarbans_mangroves.wkt	Karakoram_West_Tibetan_Plateau_alpine_steppe.wkt	Baluchistan_xeric_woodlands.wkt	Indus_River_Delta_Arabian_Sea_mangroves.wkt	Meghalaya_subtropical_forests.wkt	Chin_Hills_Arakan_Yoma_montane_forests.wkt	North_Western_Ghats_moist_deciduous_forests.wkt	Northern_Triangle_temperate_forests.wkt	Malabar_Coast_moist_forests.wkt	Andaman_Islands_rain_forests.wkt	Western_Himalayan_alpine_shrub_and_meadows.wkt	Eastern_Himalayan_subalpine_conifer_forests.wkt	Deccan_thorn_scrub_forests.wkt	Western_Himalayan_subalpine_conifer_forests.wkt	Lower_Gangetic_Plains_moist_deciduous_forests.wkt	South_Western_Ghats_moist_deciduous_forests.wkt	Thar_desert.wkt	Godavari_Krishna_mangroves.wkt	North_Tibetan_Plateau_Kunlun_Mountains_alpine_desert.wkt	Himalayan_subtropical_broadleaf_forests.wkt	South_Deccan_Plateau_dry_deciduous_forests.wkt	Orissa_semi_evergreen_forests.wkt	Sundarbans_freshwater_swamp_forests.wkt	Himalayan_subtropical_pine_forests.wkt
Brahmaputra_Valley_semi_evergreen_forests.wkt     	1.0000	0.6936	0.4884	0.6624	0.8819	0.9832	0.8946	0.9090	0.2263	0.9082	0.7118	0.8568	0.8204	0.4561	0.9757	0.2897	0.4468	0.7194	0.9237	0.8783	0.4758	0.9160	0.9067	0.8631	0.9568	0.4559	0.8457	0.8406	0.9836	0.9244	0.7724	0.8428	0.5545	0.4003	0.4031	0.5681	0.7868	0.7000	0.9648	0.6273	0.8925	0.7679	0.4746	0.9576	0.7119	0.8845	0.9522	0.8896
Western_Himalayan_broadleaf_forests.wkt           	0.6936	1.0000	0.9408	0.2672	0.5883	0.7168	0.6095	0.6745	-0.3126	0.5761	0.1487	0.4677	0.9520	0.9380	0.7067	-0.1882	0.9267	0.2582	0.6498	0.5590	0.9587	0.6644	0.5627	0.9217	0.5338	0.9478	0.8427	0.4703	0.7234	0.7801	0.2918	0.9340	-0.0720	-0.2698	0.9240	0.9585	0.3319	0.9969	0.6145	0.0987	0.6603	0.2254	0.9432	0.8409	0.2301	0.4197	0.5749	0.9416
Northeast_Himalayan_subalpine_conifer_forests.wkt 	0.4884	0.9408	1.0000	0.1036	0.3910	0.5445	0.4170	0.4864	-0.5036	0.3651	-0.1059	0.2555	0.8910	0.9946	0.5176	-0.4002	0.9983	0.0983	0.4469	0.3728	0.9677	0.4605	0.3532	0.8432	0.2953	0.9773	0.6948	0.2397	0.5517	0.6404	0.1157	0.8537	-0.2655	-0.4680	0.9889	0.9941	0.1222	0.9344	0.4009	-0.0982	0.4827	-0.0263	0.9885	0.6967	0.0314	0.1790	0.3501	0.8129
South_Western_Ghats_montane_rain_forests.wkt      	0.6624	0.2672	0.1036	1.0000	0.6831	0.7157	0.6463	0.5590	0.5994	0.6795	0.8043	0.7364	0.4219	0.0279	0.6180	0.7063	0.0789	0.9119	0.6083	0.6389	0.0250	0.5793	0.6678	0.5190	0.6983	-0.0037	0.4239	0.6776	0.6610	0.7066	0.8911	0.4468	0.8884	0.7735	0.0370	0.1887	0.8197	0.2452	0.6725	0.9562	0.5259	0.7313	0.0141	0.5702	0.8780	0.7229	0.7123	0.4762
Narmada_Valley_dry_deciduous_forests.wkt          	0.8819	0.5883	0.3910	0.6831	1.0000	0.8997	0.9958	0.9707	0.2233	0.9853	0.8261	0.9789	0.6684	0.3623	0.9395	0.2370	0.3503	0.8154	0.9779	0.9882	0.3758	0.9777	0.9790	0.7186	0.9257	0.3664	0.8874	0.9673	0.8307	0.8688	0.8779	0.6605	0.6036	0.3715	0.2902	0.4536	0.9306	0.6132	0.9628	0.7075	0.9566	0.8706	0.3821	0.8743	0.8534	0.9257	0.9519	0.7964
Mizoram_Manipur_Kachin_rain_forests.wkt           	0.9832	0.7168	0.5445	0.7157	0.8997	1.0000	0.9061	0.9053	0.1776	0.9147	0.7036	0.8711	0.8512	0.5020	0.9725	0.2571	0.5059	0.7744	0.9231	0.8899	0.5027	0.9107	0.9119	0.8989	0.9360	0.4881	0.8496	0.8403	0.9813	0.9715	0.8173	0.8626	0.5706	0.3884	0.4542	0.6220	0.8105	0.7195	0.9589	0.6571	0.8900	0.7557	0.5129	0.9695	0.7421	0.8735	0.9449	0.9018
Khathiar_Gir_dry_deciduous_forests.wkt            	0.8946	0.6095	0.4170	0.6463	0.9958	0.9061	1.0000	0.9850	0.1968	0.9887	0.8075	0.9725	0.6894	0.3921	0.9551	0.1999	0.3759	0.7895	0.9886	0.9935	0.4008	0.9866	0.9836	0.7347	0.9321	0.3943	0.9043	0.9623	0.8420	0.8693	0.8566	0.6800	0.5724	0.3381	0.3137	0.4778	0.9133	0.6368	0.9712	0.6729	0.9747	0.8627	0.4144	0.8934	0.8288	0.9267	0.9562	0.8150
Aravalli_west_thorn_scrub_forests.wkt             	0.9090	0.6745	0.4864	0.5590	0.9707	0.9053	0.9850	1.0000	0.1356	0.9711	0.7476	0.9321	0.7367	0.4710	0.9699	0.1371	0.4436	0.6967	0.9909	0.9803	0.4830	0.9942	0.9689	0.7717	0.9170	0.4777	0.9410	0.9355	0.8511	0.8642	0.7744	0.7241	0.4720	0.2465	0.3877	0.5412	0.8532	0.7056	0.9686	0.5816	0.9954	0.8197	0.4974	0.9215	0.7563	0.9074	0.9420	0.8584
Maldives_Lakshadweep_Chagos_Archipelago_tropical_moist_forests.wkt	0.2263	-0.3126	-0.5036	0.5994	0.2233	0.1776	0.1968	0.1356	1.0000	0.2610	0.6285	0.3321	-0.2099	-0.5441	0.1499	0.9275	-0.5213	0.4534	0.1827	0.2182	-0.5104	0.1589	0.2667	-0.1155	0.3366	-0.5440	-0.0592	0.2882	0.1507	0.0544	0.4480	-0.1441	0.7031	0.8439	-0.5257	-0.4461	0.4510	-0.3223	0.2345	0.7037	0.1296	0.5285	-0.5437	0.0129	0.5640	0.4123	0.2782	-0.0989
East_Deccan_moist_deciduous_forests.wkt           	0.9082	0.5761	0.3651	0.6795	0.9853	0.9147	0.9887	0.9711	0.2610	1.0000	0.8482	0.9828	0.6652	0.3363	0.9556	0.2727	0.3213	0.8107	0.9911	0.9815	0.3523	0.9731	0.9984	0.7182	0.9564	0.3402	0.8704	0.9606	0.8526	0.8737	0.8747	0.6630	0.6217	0.4115	0.2622	0.4312	0.9289	0.6007	0.9807	0.7114	0.9620	0.9019	0.3583	0.8838	0.8506	0.9605	0.9712	0.7964
East_Deccan_dry_evergreen_forests.wkt             	0.7118	0.1487	-0.1059	0.8043	0.8261	0.7036	0.8075	0.7476	0.6285	0.8482	1.0000	0.9004	0.2722	-0.1480	0.7284	0.6390	-0.1493	0.8536	0.7860	0.8232	-0.1148	0.7629	0.8476	0.3676	0.8369	-0.1419	0.5363	0.8983	0.6267	0.6361	0.9026	0.2849	0.8720	0.7700	-0.1990	-0.0251	0.9528	0.1657	0.8148	0.9151	0.7336	0.9811	-0.1323	0.5784	0.9562	0.9273	0.8390	0.4369
Central_Deccan_Plateau_dry_deciduous_forests.wkt  	0.8568	0.4677	0.2555	0.7364	0.9789	0.8711	0.9725	0.9321	0.3321	0.9828	0.9004	1.0000	0.5699	0.2197	0.9033	0.3417	0.2129	0.8553	0.9548	0.9686	0.2307	0.9345	0.9770	0.6342	0.9367	0.2190	0.8054	0.9668	0.7991	0.8262	0.9194	0.5663	0.6975	0.4939	0.1484	0.3249	0.9763	0.4906	0.9509	0.7922	0.9155	0.9270	0.2383	0.8132	0.9191	0.9530	0.9591	0.7097
Eastern_Himalayan_broadleaf_forests.wkt           	0.8204	0.9520	0.8910	0.4219	0.6684	0.8512	0.6894	0.7367	-0.2099	0.6652	0.2722	0.5699	1.0000	0.8665	0.8123	-0.0962	0.8708	0.4303	0.7230	0.6499	0.8587	0.7282	0.6561	0.9905	0.6618	0.8527	0.8409	0.5505	0.8672	0.8863	0.4616	0.9916	0.1239	-0.0715	0.8448	0.9325	0.4547	0.9452	0.7285	0.2593	0.7227	0.3462	0.8686	0.9278	0.3654	0.5388	0.6909	0.9672
Central_Tibetan_Plateau_alpine_steppe.wkt         	0.4561	0.9380	0.9946	0.0279	0.3623	0.5020	0.3921	0.4710	-0.5441	0.3363	-0.1480	0.2197	0.8665	1.0000	0.4924	-0.4480	0.9936	0.0343	0.4264	0.3467	0.9808	0.4451	0.3248	0.8098	0.2636	0.9908	0.6912	0.2150	0.5124	0.5951	0.0555	0.8275	-0.3284	-0.5294	0.9894	0.9825	0.0748	0.9355	0.3717	-0.1664	0.4690	-0.0608	0.9982	0.6702	-0.0262	0.1449	0.3176	0.7969
Terai_Duar_savanna_and_grasslands.wkt             	0.9757	0.7067	0.5176	0.6180	0.9395	0.9725	0.9551	0.9699	0.1499	0.9556	0.7284	0.9033	0.8123	0.4924	1.0000	0.1833	0.4748	0.7307	0.9750	0.9454	0.5017	0.9713	0.9562	0.8501	0.9491	0.4913	0.9076	0.8977	0.9454	0.9278	0.7926	0.8139	0.5222	0.3207	0.4213	0.5864	0.8244	0.7255	0.9862	0.6020	0.9631	0.8014	0.5144	0.9705	0.7329	0.9096	0.9585	0.8989
Nicobar_Islands_rain_forests.wkt                  	0.2897	-0.1882	-0.4002	0.7063	0.2370	0.2571	0.1999	0.1371	0.9275	0.2727	0.6390	0.3417	-0.0962	-0.4480	0.1833	1.0000	-0.4179	0.4872	0.1919	0.2145	-0.3964	0.1651	0.2709	0.0102	0.3649	-0.4470	-0.0451	0.3145	0.2275	0.1832	0.4751	-0.0322	0.7230	0.8543	-0.4078	-0.3311	0.4721	-0.2160	0.2697	0.7559	0.1139	0.5233	-0.4553	0.0790	0.5903	0.4388	0.3328	0.0025
Eastern_Himalayan_alpine_shrub_and_meadows.wkt    	0.4468	0.9267	0.9983	0.0789	0.3503	0.5059	0.3759	0.4436	-0.5213	0.3213	-0.1493	0.2129	0.8708	0.9936	0.4748	-0.4179	1.0000	0.0661	0.4033	0.3302	0.9650	0.4178	0.3083	0.8193	0.2504	0.9754	0.6632	0.1957	0.5150	0.6065	0.0793	0.8335	-0.2968	-0.4945	0.9930	0.9891	0.0812	0.9186	0.3556	-0.1290	0.4395	-0.0735	0.9857	0.6612	-0.0054	0.1304	0.3055	0.7844
North_Western_Ghats_montane_rain_forests.wkt      	0.7194	0.2582	0.0983	0.9119	0.8154	0.7744	0.7895	0.6967	0.4534	0.8107	0.8536	0.8553	0.4303	0.0343	0.7307	0.4872	0.0661	1.0000	0.7470	0.7868	0.0163	0.7194	0.8061	0.5158	0.8026	0.0044	0.5314	0.8037	0.7090	0.7500	0.9858	0.4438	0.9058	0.7051	-0.0025	0.1787	0.8967	0.2583	0.7882	0.9073	0.6764	0.8353	0.0342	0.6440	0.8967	0.8254	0.8070	0.5091
Chhota_Nagpur_dry_deciduous_forests.wkt           	0.9237	0.6498	0.4469	0.6083	0.9779	0.9231	0.9886	0.9909	0.1827	0.9911	0.7860	0.9548	0.7230	0.4264	0.9750	0.1919	0.4033	0.7470	1.0000	0.9792	0.4435	0.9901	0.9900	0.7641	0.9481	0.4338	0.9168	0.9428	0.8696	0.8827	0.8159	0.7180	0.5336	0.3169	0.3479	0.5073	0.8792	0.6769	0.9831	0.6284	0.9847	0.8558	0.4515	0.9194	0.7851	0.9367	0.9636	0.8483
Rann_of_Kutch_seasonal_salt_marsh.wkt             	0.8783	0.5590	0.3728	0.6389	0.9882	0.8899	0.9935	0.9803	0.2182	0.9815	0.8232	0.9686	0.6499	0.3467	0.9454	0.2145	0.3302	0.7868	0.9792	1.0000	0.3463	0.9782	0.9799	0.7030	0.9183	0.3426	0.8767	0.9659	0.8165	0.8473	0.8594	0.6368	0.5850	0.3568	0.2628	0.4337	0.9201	0.5891	0.9647	0.6817	0.9758	0.8788	0.3692	0.8704	0.8411	0.9369	0.9457	0.7772
Northwestern_Himalayan_alpine_shrub_and_meadows.wkt	0.4758	0.9587	0.9677	0.0250	0.3758	0.5027	0.4008	0.4830	-0.5104	0.3523	-0.1148	0.2307	0.8587	0.9808	0.5017	-0.3964	0.9650	0.0163	0.4435	0.3463	1.0000	0.4689	0.3392	0.7990	0.2894	0.9966	0.7157	0.2492	0.5212	0.5938	0.0399	0.8295	-0.3258	-0.5097	0.9767	0.9586	0.0803	0.9565	0.3875	-0.1636	0.4748	-0.0297	0.9835	0.6708	-0.0269	0.1690	0.3356	0.8136
Upper_Gangetic_Plains_moist_deciduous_forests.wkt 	0.9160	0.6644	0.4605	0.5793	0.9777	0.9107	0.9866	0.9942	0.1589	0.9731	0.7629	0.9345	0.7282	0.4451	0.9713	0.1651	0.4178	0.7194	0.9901	0.9782	0.4689	1.0000	0.9705	0.7637	0.9288	0.4591	0.9331	0.9472	0.8603	0.8701	0.7902	0.7222	0.5035	0.2838	0.3667	0.5191	0.8576	0.6936	0.9730	0.5981	0.9867	0.8337	0.4718	0.9175	0.7596	0.9144	0.9455	0.8543
North_Deccan_dry_deciduous_forests.wkt            	0.9067	0.5627	0.3532	0.6678	0.9790	0.9119	0.9836	0.9689	0.2667	0.9984	0.8476	0.9770	0.6561	0.3248	0.9562	0.2709	0.3083	0.8061	0.9900	0.9799	0.3392	0.9705	1.0000	0.7104	0.9534	0.3278	0.8620	0.9556	0.8491	0.8676	0.8700	0.6542	0.6212	0.4157	0.2482	0.4189	0.9220	0.5887	0.9796	0.7028	0.9642	0.9063	0.3474	0.8799	0.8424	0.9649	0.9650	0.7867
Northeast_India_Myanmar_pine_forests.wkt          	0.8631	0.9217	0.8432	0.5190	0.7186	0.8989	0.7347	0.7717	-0.1155	0.7182	0.3676	0.6342	0.9905	0.8098	0.8501	0.0102	0.8193	0.5158	0.7641	0.7030	0.7990	0.7637	0.7104	1.0000	0.7171	0.7900	0.8422	0.6103	0.9008	0.9294	0.5476	0.9845	0.2270	0.0360	0.7875	0.8933	0.5380	0.9130	0.7791	0.3662	0.7579	0.4313	0.8103	0.9485	0.4610	0.6139	0.7480	0.9686
Sundarbans_mangroves.wkt                          	0.9568	0.5338	0.2953	0.6983	0.9257	0.9360	0.9321	0.9170	0.3366	0.9564	0.8369	0.9367	0.6618	0.2636	0.9491	0.3649	0.2504	0.8026	0.9481	0.9183	0.2894	0.9288	0.9534	0.7171	1.0000	0.2696	0.7945	0.9088	0.9154	0.8628	0.8580	0.6858	0.6744	0.5165	0.1991	0.3768	0.8843	0.5476	0.9799	0.7229	0.8975	0.8846	0.2869	0.8773	0.8115	0.9517	0.9880	0.7801
Karakoram_West_Tibetan_Plateau_alpine_steppe.wkt  	0.4559	0.9478	0.9773	-0.0037	0.3664	0.4881	0.3943	0.4777	-0.5440	0.3402	-0.1419	0.2190	0.8527	0.9908	0.4913	-0.4470	0.9754	0.0044	0.4338	0.3426	0.9966	0.4591	0.3278	0.7900	0.2696	1.0000	0.7108	0.2311	0.5043	0.5788	0.0289	0.8184	-0.3492	-0.5417	0.9812	0.9641	0.0658	0.9482	0.3735	-0.1895	0.4729	-0.0517	0.9934	0.6625	-0.0438	0.1483	0.3181	0.8004
Baluchistan_xeric_woodlands.wkt                   	0.8457	0.8427	0.6948	0.4239	0.8874	0.8496	0.9043	0.9410	-0.0592	0.8704	0.5363	0.8054	0.8409	0.6912	0.9076	-0.0451	0.6632	0.5314	0.9168	0.8767	0.7157	0.9331	0.8620	0.8422	0.7945	0.7108	1.0000	0.8105	0.8135	0.8393	0.6012	0.8247	0.2356	-0.0029	0.6250	0.7303	0.6898	0.8704	0.8677	0.3875	0.9334	0.6145	0.7143	0.9249	0.5789	0.7378	0.8282	0.9277
Indus_River_Delta_Arabian_Sea_mangroves.wkt       	0.8406	0.4703	0.2397	0.6776	0.9673	0.8403	0.9623	0.9355	0.2882	0.9606	0.8983	0.9668	0.5505	0.2150	0.8977	0.3145	0.1957	0.8037	0.9428	0.9659	0.2492	0.9472	0.9556	0.6103	0.9088	0.2311	0.8105	1.0000	0.7686	0.8041	0.8738	0.5413	0.6654	0.4613	0.1411	0.3083	0.9456	0.4985	0.9407	0.7438	0.9217	0.9344	0.2384	0.7976	0.8796	0.9534	0.9340	0.7020
Meghalaya_subtropical_forests.wkt                 	0.9836	0.7234	0.5517	0.6610	0.8307	0.9813	0.8420	0.8511	0.1507	0.8526	0.6267	0.7991	0.8672	0.5124	0.9454	0.2275	0.5150	0.7090	0.8696	0.8165	0.5212	0.8603	0.8491	0.9008	0.9154	0.5043	0.8135	0.7686	1.0000	0.9359	0.7471	0.8917	0.5249	0.3677	0.4711	0.6320	0.7260	0.7219	0.9224	0.5885	0.8299	0.6804	0.5246	0.9573	0.6537	0.8116	0.9093	0.8969
Chin_Hills_Arakan_Yoma_montane_forests.wkt        	0.9244	0.7801	0.6404	0.7066	0.8688	0.9715	0.8693	0.8642	0.0544	0.8737	0.6361	0.8262	0.8863	0.5951	0.9278	0.1832	0.6065	0.7500	0.8827	0.8473	0.5938	0.8701	0.8676	0.9294	0.8628	0.5788	0.8393	0.8041	0.9359	1.0000	0.7819	0.8810	0.5035	0.2981	0.5612	0.7089	0.7680	0.7771	0.9065	0.6105	0.8483	0.6904	0.5982	0.9554	0.6995	0.8161	0.8902	0.9183
North_Western_Ghats_moist_deciduous_forests.wkt   	0.7724	0.2918	0.1157	0.8911	0.8779	0.8173	0.8566	0.7744	0.4480	0.8747	0.9026	0.9194	0.4616	0.0555	0.7926	0.4751	0.0793	0.9858	0.8159	0.8594	0.0399	0.7902	0.8700	0.5476	0.8580	0.0289	0.6012	0.8738	0.7471	0.7819	1.0000	0.4689	0.8852	0.6889	0.0069	0.1978	0.9529	0.2984	0.8525	0.9144	0.7547	0.8925	0.0598	0.6968	0.9431	0.8877	0.8701	0.5573
Northern_Triangle_temperate_forests.wkt           	0.8428	0.9340	0.8537	0.4468	0.6605	0.8626	0.6800	0.7241	-0.1441	0.6630	0.2849	0.5663	0.9916	0.8275	0.8139	-0.0322	0.8335	0.4438	0.7180	0.6368	0.8295	0.7222	0.6542	0.9845	0.6858	0.8184	0.8247	0.5413	0.8917	0.8810	0.4689	1.0000	0.1593	-0.0138	0.8118	0.9012	0.4512	0.9242	0.7340	0.2824	0.7067	0.3537	0.8305	0.9243	0.3664	0.5459	0.7002	0.9598
Malabar_Coast_moist_forests.wkt                   	0.5545	-0.0720	-0.2655	0.8884	0.6036	0.5706	0.5724	0.4720	0.7031	0.6217	0.8720	0.6975	0.1239	-0.3284	0.5222	0.7230	-0.2968	0.9058	0.5336	0.5850	-0.3258	0.5035	0.6212	0.2270	0.6744	-0.3492	0.2356	0.6654	0.5249	0.5035	0.8852	0.1593	1.0000	0.9231	-0.3482	-0.1763	0.7990	-0.0770	0.6134	0.9444	0.4507	0.8127	-0.3280	0.3845	0.8517	0.7350	0.6523	0.2168
Andaman_Islands_rain_forests.wkt                  	0.4003	-0.2698	-0.4680	0.7735	0.3715	0.3884	0.3381	0.2465	0.8439	0.4115	0.7700	0.4939	-0.0715	-0.5294	0.3207	0.8543	-0.4945	0.7051	0.3169	0.3568	-0.5097	0.2838	0.4157	0.0360	0.5165	-0.5417	-0.0029	0.4613	0.3677	0.2981	0.6889	-0.0138	0.9231	1.0000	-0.5220	-0.3801	0.6227	-0.2840	0.4197	0.8573	0.2289	0.6902	-0.5320	0.1762	0.7131	0.5822	0.4665	0.0092
Western_Himalayan_alpine_shrub_and_meadows.wkt    	0.4031	0.9240	0.9889	0.0370	0.2902	0.4542	0.3137	0.3877	-0.5257	0.2622	-0.1990	0.1484	0.8448	0.9894	0.4213	-0.4078	0.9930	-0.0025	0.3479	0.2628	0.9767	0.3667	0.2482	0.7875	0.1991	0.9812	0.6250	0.1411	0.4711	0.5612	0.0069	0.8118	-0.3482	-0.5220	1.0000	0.9762	0.0159	0.9126	0.2996	-0.1788	0.3810	-0.1271	0.9812	0.6156	-0.0677	0.0764	0.2505	0.7592
Eastern_Himalayan_subalpine_conifer_forests.wkt   	0.5681	0.9585	0.9941	0.1887	0.4536	0.6220	0.4778	0.5412	-0.4461	0.4312	-0.0251	0.3249	0.9325	0.9825	0.5864	-0.3311	0.9891	0.1787	0.5073	0.4337	0.9586	0.5191	0.4189	0.8933	0.3768	0.9641	0.7303	0.3083	0.6320	0.7089	0.1978	0.9012	-0.1763	-0.3801	0.9762	1.0000	0.1975	0.9501	0.4754	-0.0121	0.5336	0.0508	0.9767	0.7571	0.1093	0.2569	0.4283	0.8588
Deccan_thorn_scrub_forests.wkt                    	0.7868	0.3319	0.1222	0.8197	0.9306	0.8105	0.9133	0.8532	0.4510	0.9289	0.9528	0.9763	0.4547	0.0748	0.8244	0.4721	0.0812	0.8967	0.8792	0.9201	0.0803	0.8576	0.9220	0.5380	0.8843	0.0658	0.6898	0.9456	0.7260	0.7680	0.9529	0.4512	0.7990	0.6227	0.0159	0.1975	1.0000	0.3494	0.8917	0.8910	0.8339	0.9466	0.0867	0.7162	0.9805	0.9367	0.9119	0.5934
Western_Himalayan_subalpine_conifer_forests.wkt   	0.7000	0.9969	0.9344	0.2452	0.6132	0.7195	0.6368	0.7056	-0.3223	0.6007	0.1657	0.4906	0.9452	0.9355	0.7255	-0.2160	0.9186	0.2583	0.6769	0.5891	0.9565	0.6936	0.5887	0.9130	0.5476	0.9482	0.8704	0.4985	0.7219	0.7771	0.2984	0.9242	-0.0770	-0.2840	0.9126	0.9501	0.3494	1.0000	0.6340	0.0917	0.6947	0.2501	0.9442	0.8500	0.2403	0.4411	0.5890	0.9446
Lower_Gangetic_Plains_moist_deciduous_forests.wkt 	0.9648	0.6145	0.4009	0.6725	0.9628	0.9589	0.9712	0.9686	0.2345	0.9807	0.8148	0.9509	0.7285	0.3717	0.9862	0.2697	0.3556	0.7882	0.9831	0.9647	0.3875	0.9730	0.9796	0.7791	0.9799	0.3735	0.8677	0.9407	0.9224	0.9065	0.8525	0.7340	0.6134	0.4197	0.2996	0.4754	0.8917	0.6340	1.0000	0.6867	0.9560	0.8739	0.3944	0.9275	0.8098	0.9565	0.9888	0.8389
South_Western_Ghats_moist_deciduous_forests.wkt   	0.6273	0.0987	-0.0982	0.9562	0.7075	0.6571	0.6729	0.5816	0.7037	0.7114	0.9151	0.7922	0.2593	-0.1664	0.6020	0.7559	-0.1290	0.9073	0.6284	0.6817	-0.1636	0.5981	0.7028	0.3662	0.7229	-0.1895	0.3875	0.7438	0.5885	0.6105	0.9144	0.2824	0.9444	0.8573	-0.1788	-0.0121	0.8910	0.0917	0.6867	1.0000	0.5535	0.8411	-0.1707	0.4944	0.9513	0.7866	0.7323	0.3612
Thar_desert.wkt                                   	0.8925	0.6603	0.4827	0.5259	0.9566	0.8900	0.9747	0.9954	0.1296	0.9620	0.7336	0.9155	0.7227	0.4690	0.9631	0.1139	0.4395	0.6764	0.9847	0.9758	0.4748	0.9867	0.9642	0.7579	0.8975	0.4729	0.9334	0.9217	0.8299	0.8483	0.7547	0.7067	0.4507	0.2289	0.3810	0.5336	0.8339	0.6947	0.9560	0.5535	1.0000	0.8154	0.4962	0.9116	0.7348	0.9018	0.9197	0.8425
Godavari_Krishna_mangroves.wkt                    	0.7679	0.2254	-0.0263	0.7313	0.8706	0.7557	0.8627	0.8197	0.5285	0.9019	0.9811	0.9270	0.3462	-0.0608	0.8014	0.5233	-0.0735	0.8353	0.8558	0.8788	-0.0297	0.8337	0.9063	0.4313	0.8846	-0.0517	0.6145	0.9344	0.6804	0.6904	0.8925	0.3537	0.8127	0.6902	-0.1271	0.0508	0.9466	0.2501	0.8739	0.8411	0.8154	1.0000	-0.0392	0.6542	0.9178	0.9689	0.8804	0.5118
North_Tibetan_Plateau_Kunlun_Mountains_alpine_desert.wkt	0.4746	0.9432	0.9885	0.0141	0.3821	0.5129	0.4144	0.4974	-0.5437	0.3583	-0.1323	0.2383	0.8686	0.9982	0.5144	-0.4553	0.9857	0.0342	0.4515	0.3692	0.9835	0.4718	0.3474	0.8103	0.2869	0.9934	0.7143	0.2384	0.5246	0.5982	0.0598	0.8305	-0.3280	-0.5320	0.9812	0.9767	0.0867	0.9442	0.3944	-0.1707	0.4962	-0.0392	1.0000	0.6849	-0.0218	0.1668	0.3386	0.8090
Himalayan_subtropical_broadleaf_forests.wkt       	0.9576	0.8409	0.6967	0.5702	0.8743	0.9695	0.8934	0.9215	0.0129	0.8838	0.5784	0.8132	0.9278	0.6702	0.9705	0.0790	0.6612	0.6440	0.9194	0.8704	0.6708	0.9175	0.8799	0.9485	0.8773	0.6625	0.9249	0.7976	0.9573	0.9554	0.6968	0.9243	0.3845	0.1762	0.6156	0.7571	0.7162	0.8500	0.9275	0.4944	0.9116	0.6542	0.6849	1.0000	0.6224	0.8005	0.8961	0.9701
South_Deccan_Plateau_dry_deciduous_forests.wkt    	0.7119	0.2301	0.0314	0.8780	0.8534	0.7421	0.8288	0.7563	0.5640	0.8506	0.9562	0.9191	0.3654	-0.0262	0.7329	0.5903	-0.0054	0.8967	0.7851	0.8411	-0.0269	0.7596	0.8424	0.4610	0.8115	-0.0438	0.5789	0.8796	0.6537	0.6995	0.9431	0.3664	0.8517	0.7131	-0.0677	0.1093	0.9805	0.2403	0.8098	0.9513	0.7348	0.9178	-0.0218	0.6224	1.0000	0.8836	0.8402	0.4925
Orissa_semi_evergreen_forests.wkt                 	0.8845	0.4197	0.1790	0.7229	0.9257	0.8735	0.9267	0.9074	0.4123	0.9605	0.9273	0.9530	0.5388	0.1449	0.9096	0.4388	0.1304	0.8254	0.9367	0.9369	0.1690	0.9144	0.9649	0.6139	0.9517	0.1483	0.7378	0.9534	0.8116	0.8161	0.8877	0.5459	0.7350	0.5822	0.0764	0.2569	0.9367	0.4411	0.9565	0.7866	0.9018	0.9689	0.1668	0.8005	0.8836	1.0000	0.9539	0.6824
Sundarbans_freshwater_swamp_forests.wkt           	0.9522	0.5749	0.3501	0.7123	0.9519	0.9449	0.9562	0.9420	0.2782	0.9712	0.8390	0.9591	0.6909	0.3176	0.9585	0.3328	0.3055	0.8070	0.9636	0.9457	0.3356	0.9455	0.9650	0.7480	0.9880	0.3181	0.8282	0.9340	0.9093	0.8902	0.8701	0.7002	0.6523	0.4665	0.2505	0.4283	0.9119	0.5890	0.9888	0.7323	0.9197	0.8804	0.3386	0.8961	0.8402	0.9539	1.0000	0.8087
Himalayan_subtropical_pine_forests.wkt            	0.8896	0.9416	0.8129	0.4762	0.7964	0.9018	0.8150	0.8584	-0.0989	0.7964	0.4369	0.7097	0.9672	0.7969	0.8989	0.0025	0.7844	0.5091	0.8483	0.7772	0.8136	0.8543	0.7867	0.9686	0.7801	0.8004	0.9277	0.7020	0.8969	0.9183	0.5573	0.9598	0.2168	0.0092	0.7592	0.8588	0.5934	0.9446	0.8389	0.3612	0.8425	0.5118	0.8090	0.9701	0.4925	0.6824	0.8087	1.0000
